0 0 0 0 0 0 0 0 0 0 0 0 0 0 
0 0 0 0 0 0 0 0 0 0 0 0 0 0 
0 0 0 999999999999999967336168804116691273849533185806555472917961779471295845921727862608739868455469056 999999999999999967336168804116691273849533185806555472917961779471295845921727862608739868455469056 0 0 0 0 0 0 0 0 0 
0 0 999999999999999967336168804116691273849533185806555472917961779471295845921727862608739868455469056 0 0 0 0 0 0 0 0 0 0 0 
0 0 0 0 0 0 0 0 0 0 0 0 0 0 
0 0 0 0 0 0 0 0 0 0 0 0 0 0 
0 0 0 999999999999999967336168804116691273849533185806555472917961779471295845921727862608739868455469056 0 999999999999999967336168804116691273849533185806555472917961779471295845921727862608739868455469056 0 0 0 0 0 0 0 0 
0 0 0 0 0 0 0 0 999999999999999967336168804116691273849533185806555472917961779471295845921727862608739868455469056 0 0 0 0 0 
0 0 0 0 999999999999999967336168804116691273849533185806555472917961779471295845921727862608739868455469056 0 0 0 0 0 0 0 0 0 
-1 0 0 0 0 0 0 0 0 0 0 0 0 0 
0 0 0 0 0 0 0 999999999999999967336168804116691273849533185806555472917961779471295845921727862608739868455469056 0 0 0 0 0 0 
0 0 0 0 0 0 0 0 0 0 0 0 0 0 
0 0 0 0 0 0 0 0 0 0 0 0 0 0 
0 0 0 0 0 0 999999999999999967336168804116691273849533185806555472917961779471295845921727862608739868455469056 0 0 0 0 0 0 0 
0 0 0 0 0 0 0 0 0 0 0 0 0 0 
0 0 0 999999999999999967336168804116691273849533185806555472917961779471295845921727862608739868455469056 0 0 0 0 0 0 0 0 0 0 
0 0 0 0 0 0 0 0 0 0 0 0 0 0 
-1 0 0 0 0 0 0 0 0 0 0 0 0 0 
0 0 0 0 0 0 0 0 0 0 0 0 0 0 
0 0 0 0 0 0 0 0 0 0 0 999999999999999967336168804116691273849533185806555472917961779471295845921727862608739868455469056 0 0 
0 999999999999999967336168804116691273849533185806555472917961779471295845921727862608739868455469056 0 0 0 0 0 0 0 0 0 0 0 0 
0 0 0 0 0 0 0 0 0 0 0 0 0 0 
0 0 0 0 0 0 0 0 0 0 0 0 0 0 
0 0 0 0 0 0 0 0 0 0 0 0 0 0 
0 0 0 0 0 0 0 0 0 0 0 0 0 0 
0 0 0 0 0 0 0 0 0 0 0 0 0 0 
0 0 0 0 0 999999999999999967336168804116691273849533185806555472917961779471295845921727862608739868455469056 0 0 0 0 0 0 0 0 
0 999999999999999967336168804116691273849533185806555472917961779471295845921727862608739868455469056 0 0 0 0 0 0 0 0 0 0 0 0 
0 0 0 0 0 0 0 0 0 0 0 0 0 0 
0 0 0 0 0 0 0 0 0 0 0 0 -1 0 
0 0 0 0 0 0 0 0 0 0 0 0 0 0 
0 0 0 0 0 0 0 0 0 0 0 0 0 0 
0 0 0 0 999999999999999967336168804116691273849533185806555472917961779471295845921727862608739868455469056 999999999999999967336168804116691273849533185806555472917961779471295845921727862608739868455469056 0 0 0 0 0 0 0 0 
0 0 0 0 0 0 0 0 0 0 0 0 0 0 
0 0 0 0 0 0 999999999999999967336168804116691273849533185806555472917961779471295845921727862608739868455469056 0 0 0 0 0 0 0 
0 0 0 0 0 0 0 0 0 0 0 0 0 0 
0 0 0 0 0 0 0 0 0 0 0 0 0 0 
0 0 0 0 0 0 0 0 0 0 0 0 0 0 
0 0 0 0 0 0 0 0 0 0 0 0 0 0 
999999999999999967336168804116691273849533185806555472917961779471295845921727862608739868455469056 0 0 0 0 0 0 0 0 999999999999999967336168804116691273849533185806555472917961779471295845921727862608739868455469056 0 0 0 0 
0 0 0 0 0 0 0 0 0 0 0 0 0 0 
0 0 0 0 0 0 0 0 0 0 0 0 0 0 
0 0 0 0 0 0 0 999999999999999967336168804116691273849533185806555472917961779471295845921727862608739868455469056 0 0 0 0 0 0 
0 0 0 0 0 0 0 0 0 0 0 0 0 0 
1 0 -1 0 0 0 0 0 0 0 0 0 0 0 
0 0 0 999999999999999967336168804116691273849533185806555472917961779471295845921727862608739868455469056 0 0 0 0 0 0 0 0 0 0 
999999999999999967336168804116691273849533185806555472917961779471295845921727862608739868455469056 0 0 0 0 0 0 0 0 0 0 0 0 0 
0 0 0 0 0 0 0 0 0 0 0 0 0 0 
0 0 0 0 0 999999999999999967336168804116691273849533185806555472917961779471295845921727862608739868455469056 0 0 0 0 0 0 0 0 
0 0 0 0 0 0 0 0 0 0 0 0 -1 0 
0 0 999999999999999967336168804116691273849533185806555472917961779471295845921727862608739868455469056 0 0 0 0 0 0 999999999999999967336168804116691273849533185806555472917961779471295845921727862608739868455469056 0 0 0 0 
0 0 0 0 0 0 0 0 0 0 999999999999999967336168804116691273849533185806555472917961779471295845921727862608739868455469056 0 0 0 
0 0 0 0 0 0 0 0 0 0 0 0 0 0 
0 0 0 0 0 0 0 0 0 0 999999999999999967336168804116691273849533185806555472917961779471295845921727862608739868455469056 0 0 0 
0 0 0 0 0 0 0 0 0 0 0 0 0 0 
0 0 0 0 0 0 0 0 0 0 0 0 0 0 
0 0 999999999999999967336168804116691273849533185806555472917961779471295845921727862608739868455469056 0 0 0 0 0 0 0 999999999999999967336168804116691273849533185806555472917961779471295845921727862608739868455469056 0 0 0 
999999999999999967336168804116691273849533185806555472917961779471295845921727862608739868455469056 0 0 0 0 0 0 0 0 0 0 0 0 0 
1 0 0 0 -1 -1 0 0 0 -1 0 0 0 0 
0 0 0 0 0 0 0 0 0 0 0 0 0 0 
0 0 0 0 0 0 0 0 0 0 0 0 0 0 
0 0 0 0 0 0 0 0 0 0 0 0 0 0 
0 0 0 0 0 0 0 0 0 0 0 0 0 0 
0 0 0 0 0 0 0 0 0 0 0 999999999999999967336168804116691273849533185806555472917961779471295845921727862608739868455469056 0 0 
0 0 0 0 0 0 0 0 0 0 0 0 0 0 
1 0 0 0 0 0 0 0 0 0 0 0 0 0 
0 0 0 0 0 0 0 0 0 0 0 0 0 0 
0 0 0 0 0 0 0 0 0 0 0 0 999999999999999967336168804116691273849533185806555472917961779471295845921727862608739868455469056 0 
0 0 0 0 0 0 0 0 0 0 0 0 999999999999999967336168804116691273849533185806555472917961779471295845921727862608739868455469056 0 
0 0 0 0 0 0 0 0 0 0 0 0 0 0 
0 0 0 0 0 0 0 0 0 0 0 0 0 0 
0 0 0 0 0 0 0 0 0 0 0 0 0 0 
0 0 0 0 0 0 0 0 0 0 999999999999999967336168804116691273849533185806555472917961779471295845921727862608739868455469056 0 999999999999999967336168804116691273849533185806555472917961779471295845921727862608739868455469056 0 
0 0 0 0 0 0 0 0 0 0 0 0 0 0 
0 0 0 0 0 0 0 0 0 0 999999999999999967336168804116691273849533185806555472917961779471295845921727862608739868455469056 0 0 0 
0 0 0 0 0 0 0 0 0 0 999999999999999967336168804116691273849533185806555472917961779471295845921727862608739868455469056 0 0 0 
0 0 0 0 0 0 0 0 0 0 0 0 0 0 
0 0 0 0 0 0 0 0 0 0 0 0 0 0 
0 0 0 0 0 0 999999999999999967336168804116691273849533185806555472917961779471295845921727862608739868455469056 0 0 0 0 0 0 0 
0 0 0 0 0 0 0 0 0 0 0 0 0 0 
0 0 0 0 0 0 0 0 0 0 0 0 0 0 
0 0 0 0 0 0 0 0 0 0 0 0 0 0 
0 0 0 0 0 0 0 0 0 0 0 0 999999999999999967336168804116691273849533185806555472917961779471295845921727862608739868455469056 0 
0 0 0 0 0 0 0 0 999999999999999967336168804116691273849533185806555472917961779471295845921727862608739868455469056 0 0 0 0 0 
0 0 0 0 0 0 0 0 0 0 0 0 0 0 
0 0 0 0 0 0 0 999999999999999967336168804116691273849533185806555472917961779471295845921727862608739868455469056 0 0 0 0 0 0 
0 0 0 0 0 0 0 0 0 0 0 0 0 0 
0 0 0 0 0 0 0 0 0 0 0 0 0 999999999999999967336168804116691273849533185806555472917961779471295845921727862608739868455469056 
0 0 0 0 0 0 999999999999999967336168804116691273849533185806555472917961779471295845921727862608739868455469056 0 0 0 0 0 0 0 
0 0 0 0 0 0 0 0 0 0 0 0 0 0 
0 0 0 0 0 0 0 0 0 0 0 0 0 0 
0 0 0 0 0 0 0 0 0 0 0 0 0 999999999999999967336168804116691273849533185806555472917961779471295845921727862608739868455469056 
0 0 0 0 0 0 0 0 0 0 0 0 0 0 
1 0 0 0 0 0 0 0 0 0 0 0 0 0 
0 0 0 0 0 0 0 0 0 0 0 0 0 0 
0 0 0 0 0 0 0 0 0 0 0 0 0 0 
0 0 0 0 0 0 0 0 0 0 0 0 0 0 
0 0 0 0 0 0 0 0 0 0 0 0 0 0 
0 0 0 0 0 0 0 0 0 0 0 0 0 999999999999999967336168804116691273849533185806555472917961779471295845921727862608739868455469056 
0 0 0 0 999999999999999967336168804116691273849533185806555472917961779471295845921727862608739868455469056 0 0 0 0 0 0 0 0 0 
0 0 0 0 0 0 0 0 0 0 0 0 0 0 
0 0 0 0 0 0 0 0 0 0 0 0 0 0 
0 999999999999999967336168804116691273849533185806555472917961779471295845921727862608739868455469056 0 0 0 0 999999999999999967336168804116691273849533185806555472917961779471295845921727862608739868455469056 0 0 0 0 0 0 0 
0 0 0 0 0 0 0 0 0 0 0 0 0 0 
0 0 0 0 0 0 0 0 0 0 0 0 0 0 
1 0 0 0 0 0 1 0 0 0 0 999999999999999967336168804116691273849533185806555472917961779471295845921727862608739868455469056 0 0 
0 0 0 0 0 0 0 0 0 0 0 0 0 0 
0 0 0 0 999999999999999967336168804116691273849533185806555472917961779471295845921727862608739868455469056 0 0 0 0 0 0 0 0 0 
0 0 999999999999999967336168804116691273849533185806555472917961779471295845921727862608739868455469056 0 0 0 0 0 0 0 0 999999999999999967336168804116691273849533185806555472917961779471295845921727862608739868455469056 0 0 
0 0 0 0 0 0 0 0 0 0 0 0 0 0 
0 0 0 0 0 0 0 0 0 0 0 0 0 0 
0 0 0 0 0 0 0 0 0 0 0 0 0 0 
-1 0 0 0 0 0 0 0 0 0 0 0 0 0 
0 0 0 0 0 0 0 0 0 0 0 0 0 0 
1 0 0 0 0 0 0 0 0 0 0 0 0 0 
0 0 0 0 0 0 0 0 0 0 0 0 0 0 
0 0 0 0 0 0 0 0 0 0 0 0 0 0 
0 0 0 0 0 0 0 0 0 0 0 0 0 0 
0 0 0 0 0 0 0 999999999999999967336168804116691273849533185806555472917961779471295845921727862608739868455469056 0 0 0 0 0 0 
0 1 0 0 0 0 0 0 0 0 0 0 0 0 
1 1 0 0 0 0 0 0 0 0 0 0 0 0 
-1 0 0 0 0 0 0 0 0 0 0 999999999999999967336168804116691273849533185806555472917961779471295845921727862608739868455469056 0 0 
1 0 0 0 0 0 0 0 0 0 0 0 0 0 
0 0 0 0 0 -1 0 0 0 0 0 0 0 0 
0 0 0 0 0 0 0 0 0 0 0 0 0 0 
0 0 0 0 0 0 0 0 0 0 0 999999999999999967336168804116691273849533185806555472917961779471295845921727862608739868455469056 0 0 
0 999999999999999967336168804116691273849533185806555472917961779471295845921727862608739868455469056 0 0 0 0 0 999999999999999967336168804116691273849533185806555472917961779471295845921727862608739868455469056 0 0 0 0 0 0 
0 0 0 0 0 0 0 0 0 0 0 0 0 0 
0 0 0 0 0 0 0 0 0 0 0 0 0 0 
0 0 0 999999999999999967336168804116691273849533185806555472917961779471295845921727862608739868455469056 0 0 0 0 0 0 0 0 0 0 
1 0 0 0 0 -1 0 0 0 0 999999999999999967336168804116691273849533185806555472917961779471295845921727862608739868455469056 0 0 0 
1 0 0 0 0 0 0 0 0 0 0 0 0 0 
0 0 0 0 0 0 0 0 0 0 0 0 0 0 
0 0 0 0 0 0 0 0 0 0 0 0 0 0 
0 0 0 0 0 0 0 0 0 0 0 0 999999999999999967336168804116691273849533185806555472917961779471295845921727862608739868455469056 0 
0 0 0 0 0 0 0 0 0 0 0 0 0 0 
0 0 0 0 0 0 0 0 999999999999999967336168804116691273849533185806555472917961779471295845921727862608739868455469056 0 0 0 0 0 
0 0 0 0 0 0 0 0 0 0 0 0 0 0 
0 0 0 0 0 0 0 0 0 0 0 0 0 0 
0 0 0 0 0 0 -1 0 0 0 0 0 0 0 
0 0 0 0 0 0 0 0 0 0 0 0 0 0 
1 0 0 0 0 0 0 0 0 0 0 0 0 0 
0 0 0 0 0 0 0 0 0 999999999999999967336168804116691273849533185806555472917961779471295845921727862608739868455469056 0 0 0 999999999999999967336168804116691273849533185806555472917961779471295845921727862608739868455469056 
0 0 0 0 0 999999999999999967336168804116691273849533185806555472917961779471295845921727862608739868455469056 0 0 0 0 1 0 999999999999999967336168804116691273849533185806555472917961779471295845921727862608739868455469056 0 
999999999999999967336168804116691273849533185806555472917961779471295845921727862608739868455469056 0 0 0 0 0 0 0 0 0 0 999999999999999967336168804116691273849533185806555472917961779471295845921727862608739868455469056 0 0 
0 0 0 0 0 0 0 0 0 0 0 0 0 0 
0 0 0 0 0 0 0 0 0 0 0 0 0 0 
0 0 0 0 0 0 0 0 0 0 0 0 0 0 
0 999999999999999967336168804116691273849533185806555472917961779471295845921727862608739868455469056 0 0 0 0 0 0 0 0 0 0 0 0 
0 0 0 0 0 0 0 999999999999999967336168804116691273849533185806555472917961779471295845921727862608739868455469056 999999999999999967336168804116691273849533185806555472917961779471295845921727862608739868455469056 0 0 0 0 0 
0 0 0 0 0 0 0 0 999999999999999967336168804116691273849533185806555472917961779471295845921727862608739868455469056 999999999999999967336168804116691273849533185806555472917961779471295845921727862608739868455469056 0 0 0 0 
0 0 0 0 0 0 0 0 0 0 0 0 0 0 
0 0 0 0 0 0 0 0 0 0 0 0 0 0 
0 0 0 0 0 999999999999999967336168804116691273849533185806555472917961779471295845921727862608739868455469056 0 0 0 0 0 0 0 0 
0 0 999999999999999967336168804116691273849533185806555472917961779471295845921727862608739868455469056 0 0 0 0 0 0 0 0 0 0 0 
0 0 1 0 999999999999999967336168804116691273849533185806555472917961779471295845921727862608739868455469056 0 0 0 0 0 0 0 0 0 
0 0 0 0 0 0 0 999999999999999967336168804116691273849533185806555472917961779471295845921727862608739868455469056 0 0 0 0 0 0 
0 0 0 0 0 0 0 0 0 999999999999999967336168804116691273849533185806555472917961779471295845921727862608739868455469056 0 0 0 0 
-1 0 0 0 0 0 0 0 0 0 0 0 0 0 
0 0 0 0 0 0 0 0 999999999999999967336168804116691273849533185806555472917961779471295845921727862608739868455469056 0 0 0 0 0 
0 0 0 0 0 0 0 0 0 0 0 0 0 0 
1 0 0 0 0 0 0 0 0 0 0 0 0 0 
0 999999999999999967336168804116691273849533185806555472917961779471295845921727862608739868455469056 0 0 0 0 0 0 0 0 0 0 0 0 
999999999999999967336168804116691273849533185806555472917961779471295845921727862608739868455469056 0 0 0 0 0 0 0 0 0 0 0 0 0 
0 0 0 0 0 0 0 0 0 0 0 0 0 0 
0 0 0 999999999999999967336168804116691273849533185806555472917961779471295845921727862608739868455469056 0 0 999999999999999967336168804116691273849533185806555472917961779471295845921727862608739868455469056 999999999999999967336168804116691273849533185806555472917961779471295845921727862608739868455469056 0 0 0 0 0 0 
0 0 0 0 0 0 0 0 0 0 0 0 0 0 
0 0 0 0 0 0 0 0 0 0 999999999999999967336168804116691273849533185806555472917961779471295845921727862608739868455469056 0 0 0 
0 0 0 0 999999999999999967336168804116691273849533185806555472917961779471295845921727862608739868455469056 999999999999999967336168804116691273849533185806555472917961779471295845921727862608739868455469056 0 0 0 0 0 0 0 0 
0 0 0 0 0 0 0 0 0 0 0 0 0 0 
0 0 0 0 0 0 0 0 0 0 0 0 0 0 
0 0 0 0 -1 0 0 0 0 0 0 0 0 0 
0 999999999999999967336168804116691273849533185806555472917961779471295845921727862608739868455469056 0 0 0 0 0 0 0 0 0 0 0 0 
0 0 0 0 0 0 0 0 0 0 0 0 0 0 
0 0 0 0 0 0 0 0 0 0 0 0 0 0 
0 0 0 999999999999999967336168804116691273849533185806555472917961779471295845921727862608739868455469056 0 0 0 0 0 0 0 0 0 0 
0 0 0 0 0 0 0 0 0 0 0 0 0 0 
0 0 0 0 0 0 0 0 0 0 0 0 0 999999999999999967336168804116691273849533185806555472917961779471295845921727862608739868455469056 
0 0 0 0 999999999999999967336168804116691273849533185806555472917961779471295845921727862608739868455469056 0 0 0 0 0 999999999999999967336168804116691273849533185806555472917961779471295845921727862608739868455469056 0 0 0 
0 0 0 0 0 0 0 0 0 0 0 0 0 0 
0 0 0 0 0 0 0 0 0 0 0 0 0 0 
0 0 0 0 0 0 0 0 0 0 0 0 0 0 
0 0 0 0 0 0 0 0 0 0 0 0 0 999999999999999967336168804116691273849533185806555472917961779471295845921727862608739868455469056 
0 0 0 0 0 0 999999999999999967336168804116691273849533185806555472917961779471295845921727862608739868455469056 0 0 0 0 0 0 0 
0 0 0 0 0 0 0 0 0 0 0 0 0 0 
0 0 0 0 0 0 0 0 0 0 0 0 0 0 
0 0 0 0 999999999999999967336168804116691273849533185806555472917961779471295845921727862608739868455469056 0 0 0 0 0 0 0 0 0 
0 0 0 0 0 0 0 999999999999999967336168804116691273849533185806555472917961779471295845921727862608739868455469056 0 0 0 0 0 0 
0 999999999999999967336168804116691273849533185806555472917961779471295845921727862608739868455469056 0 0 0 0 0 0 0 0 0 0 0 0 
0 0 0 0 0 0 0 0 0 0 0 999999999999999967336168804116691273849533185806555472917961779471295845921727862608739868455469056 0 0 
0 0 0 0 0 0 0 0 0 0 0 0 0 0 
0 0 0 0 0 999999999999999967336168804116691273849533185806555472917961779471295845921727862608739868455469056 0 0 0 0 0 0 0 0 
0 0 0 0 0 0 0 0 0 0 0 0 0 0 
1 0 0 0 0 0 0 0 0 0 0 0 0 0 
0 0 0 0 0 0 0 0 0 0 0 0 0 0 
0 0 0 0 0 -1 0 0 0 0 -1 0 1 0 
0 0 0 0 0 0 0 0 0 0 0 0 0 0 
0 0 0 0 0 0 0 0 0 0 0 0 0 0 
0 0 0 0 0 0 0 0 0 0 0 0 0 0 
0 0 0 0 0 0 0 0 0 0 0 0 0 0 
1 0 0 0 0 0 0 0 0 0 0 0 999999999999999967336168804116691273849533185806555472917961779471295845921727862608739868455469056 0 
0 0 0 0 999999999999999967336168804116691273849533185806555472917961779471295845921727862608739868455469056 0 0 0 0 0 0 0 0 0 
0 0 0 0 0 0 0 0 0 0 0 0 0 0 
0 0 0 0 0 0 0 0 0 0 0 0 0 0 
-1 0 0 0 0 0 0 0 0 0 0 0 0 0 
999999999999999967336168804116691273849533185806555472917961779471295845921727862608739868455469056 0 0 0 0 0 0 0 0 0 0 0 0 0 
0 0 0 0 0 0 0 0 0 0 0 0 0 0 
0 0 0 0 0 0 0 0 0 0 0 999999999999999967336168804116691273849533185806555472917961779471295845921727862608739868455469056 999999999999999967336168804116691273849533185806555472917961779471295845921727862608739868455469056 0 
999999999999999967336168804116691273849533185806555472917961779471295845921727862608739868455469056 0 0 0 0 0 0 0 0 0 0 0 0 0 
0 0 0 0 0 0 0 0 0 0 0 0 0 0 
0 999999999999999967336168804116691273849533185806555472917961779471295845921727862608739868455469056 0 0 0 0 0 0 0 0 0 0 0 0 
0 0 0 0 0 0 0 0 0 0 0 0 0 0 
0 0 0 0 0 0 0 0 0 0 0 0 999999999999999967336168804116691273849533185806555472917961779471295845921727862608739868455469056 0 
0 0 0 0 0 0 0 0 0 0 0 0 0 0 
0 999999999999999967336168804116691273849533185806555472917961779471295845921727862608739868455469056 0 0 -1 -1 0 0 0 0 0 0 999999999999999967336168804116691273849533185806555472917961779471295845921727862608739868455469056 0 
1 0 0 0 0 0 0 0 0 0 0 0 0 0 
1 0 0 0 0 0 0 0 0 0 0 0 0 0 
0 0 0 0 0 0 0 0 0 0 999999999999999967336168804116691273849533185806555472917961779471295845921727862608739868455469056 0 0 0 
0 0 0 0 999999999999999967336168804116691273849533185806555472917961779471295845921727862608739868455469056 0 0 0 0 0 0 0 0 0 
999999999999999967336168804116691273849533185806555472917961779471295845921727862608739868455469056 0 0 0 0 0 0 0 0 0 0 0 0 0 
0 0 0 0 0 0 0 0 0 0 0 0 0 0 
0 0 0 0 0 0 0 0 0 0 999999999999999967336168804116691273849533185806555472917961779471295845921727862608739868455469056 0 0 0 
1 0 0 0 0 0 0 0 0 0 0 0 0 0 
0 0 0 0 0 0 0 0 0 0 0 0 0 0 
1 0 0 0 0 0 0 0 0 0 0 0 0 0 
0 999999999999999967336168804116691273849533185806555472917961779471295845921727862608739868455469056 0 0 0 999999999999999967336168804116691273849533185806555472917961779471295845921727862608739868455469056 0 0 0 0 0 0 0 0 
0 0 0 0 0 0 0 0 0 0 0 0 0 0 
0 0 0 0 0 0 0 0 0 0 0 0 0 0 
0 1 0 0 0 0 0 0 0 999999999999999967336168804116691273849533185806555472917961779471295845921727862608739868455469056 999999999999999967336168804116691273849533185806555472917961779471295845921727862608739868455469056 999999999999999967336168804116691273849533185806555472917961779471295845921727862608739868455469056 0 0 
0 0 0 0 0 0 0 0 0 0 0 0 0 0 
0 0 0 0 0 0 0 0 0 0 0 0 0 0 
-1 0 0 0 0 0 0 0 0 0 0 0 0 0 
0 0 0 0 0 0 0 0 0 0 0 0 0 0 
0 0 0 0 0 0 0 0 0 999999999999999967336168804116691273849533185806555472917961779471295845921727862608739868455469056 0 0 0 0 
0 0 0 0 0 0 0 0 0 0 0 0 0 0 
0 0 0 0 0 0 0 0 0 0 0 0 0 0 
0 0 0 0 0 0 0 0 0 0 0 0 0 0 
0 0 0 0 0 0 0 0 0 0 0 0 0 0 
0 0 0 0 1 0 0 0 0 0 0 0 0 0 
1 0 0 0 0 0 0 0 0 0 0 0 0 0 
0 0 0 0 0 0 0 0 0 0 0 0 0 0 
0 0 0 0 0 0 0 0 0 0 0 0 0 0 
